   2174
   48677
   43239
   14520
   29309
   10936
   27656
   38686
   26317
   27962
   13223
   29140
   33072
   31071
   10234
   39222
   5183
   41567
   13646
   21145
   39081
   31314
   8035
   4317
   12523
   36471
   2835
   17627
   19759
   451
   12414
   37617
   33830
   22948
   23286
   46973
   17476
   17773
   20273
   37409
   35341
   31500
   41314
   16060
   16221
   10467
   32846
   28963
   20644
   16505
   11350
   19041
   491
   30670
   5435
   16066
   13072
   13904
   13240
   1747
   25256
   12131
   26971
   47415
   1811
   29547
   12093
   13071
   10193
   43228
   19621
   10165
   20769
   25540
   39396
   43789
   22569
   27092
   24429
   36024
   19410
   25938
   12912
   12791
   2574
   35326
   22042
   14162
   39936
   21999
   49233
   107
   41837
   33697
   43793
   30885
   36905
   1932
   34431
   30358
   14372
   39349
   18273
   10992
   33243
   4802
   20742
   45604
   4036
   45641
   24154
   5254
   16693
   14874
   27200
   44894
   17176
   31193
   28306
   25891
   19418
   22726
   42341
   10295
   21315
   18695
   46114
   21947
   24949
   13604
   9120
   33661
   33001
   4776
   26811
   48633
   29314
   2133
   19738
   47254
   23509
   4621
   34453
   19112
   34776
   20077
   25853
   29829
   22099
   14102
   1327
   49609
   34647
   4529
   47295
   44713
   29996
   27557
   41417
   49546
   26409
   7464
   27871
   41621
   5391
   39381
   41783
   28604
   37373
   35436
   20726
   33000
   14606
   48179
   3112
   42385
   14546
   39562
   2133
   30777
   11357
   654
   43926
   23051
   49916
   45665
   40121
   2793
   34225
   33664
   29047
   14172
   45198
   26238
   39640
   28078
   6995
   9511
   41007
   5175
   35936
   22336
   27674
   10469
   33467
   37779
   18380
   6372
   34670
   40598
   36032
   9110
   29445
   48656
   30741
   10475
   40997
   48888
   5329
   4554
   48014
   45776
   24920
   9983
   46886
   12266
   10299
   34274
   11556
   17065
   26947
   49095
   30990
   41104
   1347
   21786
   35024
   44726
   40059
   21548
   47361
   341
   32544
   16911
   35248
   5481
   46168
   6975
   22179
   14738
   18889
   36652
   29851
   47945
   44165
   15977
   23940
   41772
   24278
   19480
   18542
   18368
   32210
   31799
   16679
   7894
   18515
   46052
   40163
   20017
   10702
   12737
   38406
   37860
   6836
   19289
   19254
   8102
   12320
   11278
   9864
   12170
   49802
   5911
   31746
   25350
   32847
   35666
   5513
   5181
   27803
   19168
   37249
   40794
   19948
   49581
   26975
   40080
   11004
   668
   26160
   39440
   14877
   43566
   21735
   24776
   43200
   39845
   42747
   29274
   14276
   4458
   31406
   5821
   21580
   1239
   20966
   13990
   8544
   47086
   49605
   46049
   25311
   5375
   45624
   4880
   1796
   16359
   45550
   17491
   46184
   25781
   24026
   12999
   8582
   6569
   44896
   13192
   5015
   8493
   24813
   26849
   27210
   25655
   10083
   27049
   38642
   13637
   39369
   21700
   25829
   7294
   34711
   38228
   5075
   18639
   34070
   47286
   17901
   47689
   36073
   11464
   44077
   37193
   44662
   6747
   14269
   5400
   4295
   41651
   25694
   12938
   45044
   43538
   13767
   40268
   33657
   27375
   24481
   30739
   34513
   17643
   22291
   38394
   22805
   4145
   9259
   12037
   11407
   28532
   25470
   35484
   2128
   31254
   39524
   39481
   19969
   48330
   25354
   41455
   46372
   23354
   26194
   44960
   49912
   7790
   33283
   22471
   4509
   34413
   43134
   33215
   29568
   4077
   24558
   1174
   20830
   28832
   632
   1985
   4186
   32774
   45333
   41818
   47221
   9333
   22438
   4668
   16336
   25028
   24036
   6348
   2969
   14833
   26182
   48737
   20327
   48355
   440
   34592
   22074
   25712
   39877
   46652
   21290
   17731
   15812
   4006
   38169
   19853
   45936
   1949
   42088
   10972
   49825
   37645
   32858
   25292
   27085
   14684
   17002
   47644
   49740
   31854
   34340
   35932
   42757
   48482
   20453
   22348
   38708
   49095
   2798
   7047
   19595
   35676
   26141
   9988
   29361
   72
   44526
   410
   33902
   10452
   22985
   29207
   22153
   39413
   22352
   43899
   33647
   24185
   45159
   42556
   43806
   29680
   11659
   7292
   690
   6658
   8065
   41425
   13116
   29133
   47275
   41083
   33095
   39964
   30807
   23717
   2287
   18135
   3278
   20406
   9424
   5595
   38671
   10498
   12697
   38572
   16200
   3146
   32830
   29447
   47486
   17147
   32458
   16338
   9375
   29043
   4774
   46271
   32077
   40494
   17467
   18128
   11663
   3975
   15676
   45908
   17981
   34619
   21146
   23034
   30242
   42871
   26056
   26318
   40310
   22055
   13490
   41337
   5318
   1489
   31877
   14426
   48067
   17431
   47564
   30433
   21082
   21877
   11248
   34511
   7689
   27539
   3912
   33017
   33177
   43915
   38471
   43523
   6442
   41926
   18811
   5247
   49195
   29782
   21322
   1237
   26170
   6799
   36301
   32972
   47177
   20423
   22221
   41459
   7892
   23743
   49739
   12366
   18664
   8419
   47972
   19198
   23376
   19545
   37532
   49782
   2883
   9775
   5582
   26068
   5264
   13411
   39474
   22271
   16946
   41496
   32998
   13959
   30132
   23899
   31892
   25740
   12678
   1163
   48365
   30155
   36256
   29877
   11586
   25853
   17412
   19244
   36758
   207
   22810
   5777
   24264
   45498
   35786
   13271
   32706
   32015
   5858
   29510
   28625
   3080
   43397
   47902
   8300
   17988
   39026
   3642
   28203
   2698
   13935
   23371
   27873
   42479
   1893
   2767
   27086
   34687
   1272
   16847
   21516
   45943
   20647
   39486
   3093
   24285
   22421
   48446
   37782
   39404
   10194
   38380
   5273
   47358
   42174
   15243
   13779
   11314
   13618
   5788
   31936
   46447
   28640
   16872
   36916
   8164
   14701
   3759
   33762
   18863
   26381
   23543
   40823
   26461
   8256
   10868
   3116
   41060
   18722
   47843
   29837
   35357
   38304
   20561
   14317
   35933
   22173
   34121
   3603
   6446
   1073
   46331
   31967
   26094
   5727
   43436
   37273
   39949
   15534
   21942
   2543
   14526
   10825
   44787
   29214
   28135
   6879
   26795
   22117
   29621
   32831
   21003
   8198
   20726
   33446
   7802
   42587
   25819
   34920
   15869
   10784
   974
   39514
   7253
   6921
   39096
   33910
   11790
   2497
   4440
   2453
   21817
   5562
   4675
   4608
   15805
   49121
   37532
   30030
   42390
   40898
   2495
   26216
   47834
   44325
   18066
   30940
   38840
   5189
   23157
   18375
   39419
   10931
   21994
   12271
   32264
   2215
   7866
   48026
   38619
   20070
   17804
   5802
   2542
   38945
   21751
   7279
   6361
   32686
   17677
   44554
   43038
   11788
   33208
   21296
   49772
   26145
   47420
   19395
   42725
   8063
   17243
   105
   45445
   2834
   40465
   45095
   29937
   37499
   7887
   2160
   280
   45464
   26572
   47228
   21744
   12514
   13152
   46495
   28320
   32868
   45147
   3805
   15744
   31061
   7906
   49400
   2678
   35976
   36346
   49861
   20939
   1032
   19716
   2308
   5329
   36990
   9751
   31226
   34134
   18987
   49189
   39111
   15945
   23972
   48370
   23619
   31488
   42293
   25915
   9953
   34318
   27818
   8509
   37901
   30404
   924
   32626
   25685
   20761
   45684
   11406
   40694
   33153
   8349
   10974
   11830
   44400
   15546
   20323
   42116
   47172
   43305
   37954
   47452
   30669
   20420
   18281
   37748
   18711
   6040
   46459
   41761
   38756
   9283
   7394
   6348
   806
   34063
   40526
   10645
   32198
   29641
   39806
   31381
   41861
   49814
   37340
   2000
   30089
   34423
   42713
   31153
   36457
   45630
   14552
   36711
   12957
   46483
   14764
   10817
   32059
   37907
   44225
   16245
   28280
   9555
   23349
   37934
   48696
   35788
   2713
   35317
   11196
   28804
   12932
   27758
   47743
   47010
   3461
   45589
   47690
   43620
   1214
   367
   49540
   10797
   32491
   25165
   32841
   24443
   21054
   20054
   38480
   29283
   41218
   58
   21522
   45569
   1205
   25171
   27654
   6494
   39874
   28483
   21792
   16239
   21895
   40414
   20592
   44929
   9890
   39095
   9044
   36733
   22680
   49179
   48430
   11685
   33135
   15993
   34527
   23147
   22358
   43155
   4880
   22207
   107
   17240
   22073
   43245
   23738
   854
   33833
   44255
   34625
   48186
   13404
   11064
   19343
   27631
   46936
   6133
   31795
   12100
   40797
   30730
   535
   27142
   34793
   28041
   36670
   44722
   25284
   37859
   34543
   44871
   48282
   40418
   39596
   43208
   7145
   42084
   43817
   38877
   17023
   45164
   35401
   23128
   14186
   37440
   24043
   36822
   36683
   35907
   21945
   4081
   29265
   22174
   6240
   32844
   19709
   17659
   36647
   2955
   42596
   38881
   11750
   23719
   10902
   14412
   28077
   10862
   34884
   32753
   42536
   7283
   5294
   29461
   3091
   14099
   30399
   1387
   8951
   13491
   33474
   22868
   23945
   20848
   37366
   36562
   21710
   38573
   1947
   46302
   41881
   10689
   28248
   8789
   42768
   4514
   7045
   32899
   26998
   42075
   31886
   27035
   34146
   47268
   9818
   47627
   22625
   35301
   16181
   25090
   28322
   18317
   36373
   48236
   35226
   10020
   11541
   38673
   47169
   40038
   45012
   1153
   31316
   6760
   1453
   39779
   44829
   19908
   42747
   7646
   43620
   31977
   33790
   31818
   15449
   8983
   2837
   28165
   49451
   13518
   84
   4085
   22038
   11392
   27205
   42673
   49934
   12208
   49940
   11994
   43119
   31055
   11472
   35096
   31217
   47316
   26127
   46804
   21712
   42954
   11201
   14763
   21323
   40076
   18078
   37746
   40817
   19635
   47188
   7553
   36563
   18203
   35454
   5010
   47228
   594
   24201
   31692
   10391
   15986
   19070
   22836
   22837
   6014
   33196
   44471
   33176
   49874
   36859
   12052
   23501
   21172
   4248
   37519
   38512
   11462
   11889
   21271
   2115
   47882
   34564
   45048
   24197
   29992
   10884
   29333
   19276
   3091
   45464
   7133
   48522
   43139
   46870
   23592
   5204
   36518
   32044
   11175
   9759
   5362
   28888
   28905
   31349
   37034
   35803
   47363
   4018
   45890
   22238
   44833
   36406
   8289
   31964
   13559
   34119
   19830
   32418
   10518
   5500
   32391
   13299
   14811
   5087
   43301
   36920
   5863
   35105
   36236
   25470
   3345
   2374
   47486
   45137
   14139
   42080
   6493
   9446
   8604
   45133
   31093
   27476
   32566
   7957
   36668
   36197
   15392
   49772
   40582
   36947
   15451
   28330
   13088
   9764
   46239
   10346
   42921
   31003
   38308
   31423
   17036
   38019
   6029
   4514
   45610
   31508
   47865
   17783
   32130
   11421
   21896
   14454
   16547
   49511
   30363
   21894
   49381
   31834
   22845
   33541
   31848
   37041
   10795
   49523
   23057
   43069
   31961
   630
   23649
   11044
   25716
   6659
   21501
   4084
   49963
   6730
   1325
   14865
   43962
   202
   37715
   8799
   18528
   33291
   35805
   45617
   5924
   11672
   14290
   32459
   30718
   23043
   5180
   41444
   36131
   1052
   40375
   24217
   4664
   8987
   14400
   47680
   23097
   34364
   8848
   36190
   30440
   25169
   39148
   16712
   48608
   25137
   10840
   47504
   28180
   13933
   18287
   26693
   11509
   38660
   20348
   19890
   31010
   49081
   11200
   14941
   14513
   42866
   29687
   11281
   30051
   43193
   21004
   7674
   46660
   18164
   8439
   12569
   44607
   6181
   10526
   947
   27019
   8700
   9244
   808
   37322
   5979
   27386
   16480
   3599
   29335
   18709
   43132
   17906
   20914
   36852
   19339
   25016
   16985
   34843
   30589
   11002
   31011
   4293
   34554
   439
   31409
   25233
   43691
   23035
   4875
   21153
   15101
   6302
   12365
   38716
   49962
   12625
   29617
   34376
   11112
   37470
   8031
   48924
   34781
   13831
   47839
   24218
   21116
   47775
   5771
   5007
   48448
   24659
   36291
   38042
   22719
   25201
   31739
   12973
   2933
   33451
   39992
   24132
   23616
   32925
   3092
   46760
   38896
   7566
   4039
   29251
   29883
   22584
   21544
   11488
   1113
   39757
   25166
   37956
   29860
   34523
   41327
   47904
   17844
   10297
   44845
   35659
   45276
   39088
   13858
   14172
   46228
   5749
   21467
   25262
   46071
   843
   14342
   26700
   35380
   11686
   31424
   3476
   22022
   25260
   34418
   40165
   14914
   15016
   43960
   29630
   10214
   6830
   27564
   8713
   31990
   16567
   24390
   12118
   24203
   30483
   4655
   46869
   27908
   7663
   26980
   14505
   20897
   15419
   22818
   7574
   23637
   20485
   3197
   5683
   9926
   16282
   8931
   25126
   20374
   10517
   41412
   49366
   44398
   3054
   36885
   17555
   3664
   797
   45878
   46972
   6116
   541
   7240
   12378
   36336
   22368
   27524
   23978
   10352
   49183
   36008
   1603
   37588
   45451
   36508
   26846
   31568
   44535
   24708
   25275
   27890
   34238
   18109
   19981
   25928
   34575
   27988
   19041
   26733
   41256
   8668
   11367
   10302
   24955
   27144
   36532
   33112
   18340
   44242
   11698
   33818
   45489
   48761
   24552
   42884
   4999
   7732
   45239
   887
   15185
   20504
   21676
   32733
   1949
   45260
   44533
   6906
   2327
   43539
   2133
   35200
   45805
   33341
   38919
   16474
   27632
   44130
   25673
   23075
   45842
   32088
   29199
   46118
   29298
   36964
   26682
   13408
   17035
   6555
   16833
   45025
   16727
   13293
   3962
   20357
   39304
   30221
   16731
   46766
   34420
   29650
   7548
   28054
   5030
   39152
   24283
   38491
   10246
   20646
   15663
   15805
   45667
   4066
   29895
   5729
   26066
   26781
   31560
   18493
   32155
   15490
   26074
   246
   10160
   19614
   6571
   19792
   17178
   39479
   16790
   5292
   48187
   10800
   44431
   43823
   19333
   25026
   34459
   17403
   41991
   3963
   16168
   13031
   33160
   24286
   26744
   19790
   46036
   22468
   4154
   17398
   49194
   2266
   25699
   21639
   25295
   20137
   26981
   39284
   3174
   35302
   47342
   19683
   12551
   11110
   7027
   3828
   36123
   41635
   38755
   26231
   42376
   6525
   24303
   11335
   39580
   15887
   13886
   32978
   37775
   10100
   15959
   17829
   41972
   45698
   9829
   33396
   49688
   6766
   26006
   16766
   32921
   42004
   31260
   8631
   22114
   25961
   33850
   2384
   42704
   27383
   23844
   10181
   30610
   16515
   16799
   13440
   10511
   36960
   21569
   26819
   11525
   7945
   44742
   13722
   18031
   29291
   1366
   38842
   47651
   34082
   24927
   11081
   9139
   18059
   1632
   41644
   35478
   27813
   19394
   16151
   13227
   13867
   9212
   20066
   40518
   14852
   36868
   35398
   38743
   49509
   747
   19848
   17035
   9080
   49188
   3433
   14515
   3111
   31738
   24660
   32534
   21019
   7383
   13618
   14380
   12466
   7322
   34682
   46393
   8458
   5506
   11507
   22355
   3626
   4674
   25404
   17446
   48249
   20150
   5658
   17515
   34715
   8599
   12897
   47399
   5760
   10739
   45020
   25014
   7730
   32297
   29146
   22576
   14296
   46098
   41342
   4934
   32064
   8786
   28070
   44896
   26072
   39101
   26593
   20184
   32507
   7951
   40075
   48144
   11785
   23204
   39331
   47054
   28098
   45087
   31525
   12132
   4437
   31555
   17859
   44060
   26753
   35856
   29365
   39866
   31556
   44383
   27526
   41772
   24687
   34866
   21975
   14948
   48194
   31629
   13783
   11359
   31420
   47312
   25436
   44240
   3743
   7812
   27289
   41861
   9283
   22530
   26816
   32425
   9116
   3134
   19248
   5385
   12097
   45898
   40174
   38388
   765
   10238
   43670
   22134
   12895
   7830
   25792
   24266
   7936
   26623
   43007
   15448
   21530
   15885
   752
   24274
   31909
   7472
   43041
   25445
   31122
   20167
   47105
   26219
   6694
   34204
   5585
   27305
   36229
   7674
   47794
   35312
   17343
   26197
   31155
   32006
   46331
   23495
   30135
   20901
   44851
   39895
   31692
   19873
   4312
   1922
   2643
   14731
   31718
   20087
   31520
   48893
   7531
   31129
   26249
   5349
   14755
   44314
   9368
   14968
   31563
   46434
   26909
   26961
   20680
   35016
   34139
   30402
   247
   39860
   34621
   19059
   25139
   11054
   1079
   10577
   32335
   9479
   12819
   19888
   17990
   41792
   7748
   4752
   7030
   41228
   10331
   27781
   24627
   27661
   18377
   22737
   43098
   36337
   30816
   6975
   24067
   11673
   47937
   30258
   18815
   46746
   46998
   34121
   28707
   31977
   5712
   7526
   16603
   4128
   7019
   42900
   17488
   48802
   26504
   35458
   26560
   16031
   13790
   24715
   27320
   14653
   26116
   14967
   8711
   2471
   613
   30962
   5384
   37611
   42519
   16081
   49488
   43741
   40351
   2282
   49208
   21109
   29042
   47039
   46124
   8177
   28884
   14970
   40288
   43216
   30460
   35432
   9113
   14483
   34192
   8100
   30461
   37548
   17155
   2706
   38799
   24005
   26587
   17798
   31576
   13474
   49583
   13023
   27694
   6919
   39946
   5049
   43610
   36806
   41100
   514
   3759
   6134
   21319
   15505
   43030
   1419
   5502
   39504
   288
   49805
   37962
   44655
   44761
   2244
   36413
   13400
   42456
   32876
   28062
   13435
   43028
   31631
   14182
   3200
   37252
   36099
   14757
   48803
   2711
   21430
   48465
   17782
   21843
   418
   48174
   32108
   38128
   44410
   47635
   19761
   22326
   16980
   16497
   30748
   26025
   6609
   721
   17371
   48905
   43387
   32516
   8480
   49333
   9850
   38499
   45534
   40516
   38976
   27948
   26524
   27866
   8167
   34054
   39498
   40424
   11390
   24075
   42232
   5069
   47993
   36663
   44472
   1697
   45154
   17187
   18027
   19281
   45468
   16371
   48971
   26576
   26763
   2547
   42918
   13440
   10767
   5024
   6719
   38693
   9049
   6022
   9302
   22692
   17154
   27363
   4904
   31854
   1747
   11185
   2991
   29937
   5528
   33719
   16755
   35060
   11209
   26376
   29350
   17597
   1583
   33933
   47203
   9555
   35184
   28303
   10141
   18586
   18729
   24202
   3952
   20967
   20529
   41641
   23758
   19314
   47126
   10252
   47391
   25710
   36234
   38917
   25762
   29807
   26432
   39639
   15771
   8793
   20242
   28681
   28037
   30993
   6170
   36331
   40802
   42456
   36094
   23023
   12646
   33344
   34131
   46880
   43149
   20173
   14768
   33960
   32080
   13029
   36897
   20353
   9256
   44903
   31509
   20026
   2152
   39541
   36553
   38726
   25802
   35126
   45493
   18097
   15278
   42004
   38400
   37457
   46080
   24501
   11428
   15798
   38278
   20661
   26304
   41483
   11561
   46807
   30071
   49387
   25273
   18308
   18942
   4717
   45801
   13990
   40075
   17470
   25850
   26881
   24730
   24673
   39237
   11329
   21250
   38172
   687
   20279
   20565
   21517
   241
   5224
   46655
   16780
   39972
   27611
   16893
   35593
   44898
   17524
   43488
   16350
   49560
   21362
   32117
   5705
   5895
   12057
   31850
   18719
   24191
   134
   24787
   41186
   43033
   45187
   14902
   38906
   33083
   9769
   13629
   18609
   47897
   10496
   21844
   1963
   24651
   45187
   15480
   6417
   42494
   22374
   13844
   27012
   41878
   28905
   28256
   44884
   48004
   26507
   47119
   44932
   20434
   46062
   22684
   11192
   41067
   8697
   25706
   47328
   42521
   2349
   21994
   41161
   11732
   28348
   10053
   18657
   45990
   46896
   19384
   46236
   7620
   39761
   36727
   25065
   10347
   14606
   12213
   6866
   14612
   32624
   21684
   31029
   3980
   7835
   13335
   2449
   24291
   24850
   7886
   41244
   39813
   7517
   29881
   10627
   33319
   36019
   9217
   8682
   14577
   26244
   9318
   41688
   2084
   12937
   49521
   9823
   5369
   12749
   33879
   39225
   46361
   45024
   23669
   9785
   24575
   30895
   28448
   36713
   26918
   7156
   6517
   3368
   33860
   25720
   13413
   13055
   12616
   40725
   4783
   34831
   25033
   40092
   47505
   9023
   41726
   31839
   37206
   35731
   20564
   37112
   12664
   16326
   10152
   49474
   29858
   9322
   31529
   19107
   31979
   11800
   6028
   12753
   16155
   45498
   42604
   49418
   32308
   1311
   20593
   7920
   30459
   3979
   26991
   15166
   9745
   47753
   30337
   9986
   3761
   15749
   36519
   44694
   25717
   42752
   13405
   39987
   28024
   1678
   25957
   23679
   4747
   10059
   25304
   11677
   49366
   408
   36016
   4171
   46366
   37150
   160
   39038
   19035
   18747
   15093
   16015
   11095
   32834
   38490
   30642
   14742
   16370
   14265
   16921
   39935
   9227
   16212
   3388
   32603
   29282
   7674
   43105
   24225
   28384
   18734
   16520
   30162
   8034
   44190
   16409
   35948
   9537
   8100
   18862
   12305
   2338
   41588
   4705
   23756
   20332
   26733
   1688
   11062
   48886
   39003
   37299
   31736
   22653
   24314
   4753
   14477
   4099
   43491
   29729
   10933
   39289
   5148
   23465
   20888
   38656
   45281
   20807
   31905
   17954
   4555
   1759
   31992
   30300
   4762
   36239
   24096
   35564
   13770
   3665
   37173
   4726
   2246
   6736
   18082
   24211
   17413
   4331
   29637
   34041
   15673
   2549
   47895
   49027
   14419
   13036
   4818
   44207
   18587
   25318
   10402
   28323
   8458
   16710
   28405
   19940
   4464
   18532
   26353
   19631
   29283
   2142
   2576
   7718
   42630
   24418
   41797
   24402
   14631
   20238
   39307
   45248
   7884
   41429
   31279
   27749
   24946
   29258
   45622
   35854
   42584
   33433
   23122
   19395
   33005
   22505
   30732
   4555
   11655
   37493
   37857
   45276
   31741
   35813
   43261
   38055
   38714
   40521
   11041
   39723
   1176
   44112
   29962
   34172
   44313
   37600
   12248
   29650
   4815
   46899
   3670
   49797
   20169
   49145
   24675
   16488
   45463
   47311
   47939
   26006
   24308
   11859
   27010
   24974
   40320
   16658
   33573
   1825
   24389
   21825
   25295
   16613
   9506
   42055
   48454
   25657
   3728
   49098
   42751
   11118
   40678
   33061
   24002
   23700
   23805
   26599
   14888
   8035
   25337
   2455
   18252
   9466
   22793
   42096
   15732
   25996
   6807
   20297
   40580
   23012
   41036
   19792
   19916
   27255
   49678
   3133
   42617
   12042
   27171
   40138
   39448
   36297
   17987
   26202
   10190
   25648
   9018
   49338
   2226
   3960
   29751
   22573
   20670
   44934
   8111
   2106
   48983
   39216
   2944
   31651
   1012
   28683
   23685
   7177
   44981
   533
   43758
   33679
   9524
   21877
   46940
   6872
   39692
   39293
   16820
   39252
   8009
   43597
   9156
   46777
   23488
   15056
   39248
   22752
   21296
   8790
   6725
   33057
   34405
   38443
   16435
   34356
   22971
   11460
   24154
   1935
   43457
   1779
   12412
   19055
   37439
   6112
   47163
   19519
   19601
   46080
   19771
   22170
   4205
   31585
   35094
   48300
   49662
   45360
   30329
   26618
   38062
   22478
   27902
   21019
   20399
   43191
   2969
   27603
   2545
   11508
   44279
   43343
   19128
   41450
   46901
   30909
   6562
   15612
   12981
   1698
   6577
   17961
   25547
   48141
   7658
   34280
   10795
   28777
   33849
   9781
   35748
   4008
   38141
   10440
   35898
   9993
   18353
   40153
   5880
   23834
   34461
   28557
   29440
   4677
   12337
   35289
   37957
   37877
   12790
   11141
   42813
   22554
   8731
   36532
   48037
   15637
   33728
   6251
   13642
   10296
   19420
   15748
   38466
   9936
   14170
   2147
   26306
   20947
   24764
   12647
   40882
   32223
   4262
   29057
   24640
   35516
   3026
   30497
   4056
   21127
   47924
   46026
   45163
   34084
   30312
   31948
   39423
   9680
   46919
   327
   31764
   29624
   5970
   14432
   44272
   4654
   44878
   32390
   30019
   42361
   41950
   44936
   16030
   19400
   27894
   20547
   33159
   23876
   26657
   30367
   42829
   39655
   2124
   32217
   9950
   30849
   24059
   38491
   8288
   1347
   33060
   21275
   9917
   33316
   13064
   28163
   14286
   43864
   24105
   36081
   49329
   26508
   5071
   45741
   30660
   27818
   4842
   10713
   29068
   24027
   48673
   4024
   30961
   13674
   40968
   25506
   32525
   20790
   20551
   35420
   43672
   9363
   22180
   23133
   19266
   40065
   7378
   30729
   19212
   46487
   3066
   1574
   18302
   48067
   20191
   37812
   1700
   6817
   37301
   35887
   14743
   3719
   46667
   41982
   864
   37786
   38331
   6018
   42963
   18625
   30553
   21010
   6359
   15435
   35548
   20195
   4493
   30050
   36766
   5320
   30781
   38523
   36122
   25382
   847
   2105
   32255
   37121
   43372
   10395
   35197
   16177
   3242
   4030
   27404
   16318
   19108
   35828
   15420
   48470
   15306
   4805
   43341
   45450
   23972
   8316
   35790
   30736
   18887
   14272
   16446
   2824
   43683
   29848
   38186
   22152
   5221
   20383
   10847
   23083
   40645
   41465
   46256
   3730
   3536
   23540
   32313
   29443
   38984
   35126
   43573
   30805
   13265
   40374
   5921
   30452
   42212
   36934
   25397
   44070
   10319
   34492
   9482
   21772
   17411
   16404
   40710
   32881
   48936
   32903
   18861
   20464
   22794
   44213
   32103
   11769
   48658
   8408
   8791
   2714
   13838
   39821
   37577
   11232
   5194
   18736
   26355
   14275
   12537
   11246
   45353
   46700
   39142
   46463
   16941
   39626
   16958
   35872
   34635
   26690
   44833
   17487
   8820
   5439
   46640
   2161
   43336
   14535
   26276
   38785
   13474
   21270
   9468
   4210
   47197
   38609
   9060
   21137
   35824
   29165
   14255
   40952
   558
   31370
   48012
   9605
   30239
   15305
   28235
   21089
   7383
   16762
   38352
   47769
   7437
   33921
   34459
   19639
   32824
   653
   22174
   22608
   27233
   27856
   4267
   34369
   27535
   22666
   7297
   2739
   45549
   25895
   40712
   34235
   34111
   24842
   33830
   44602
   8245
   28913
   8634
   28672
   6131
   35313
   24438
   11612
   17714
   41511
   32933
   29747
   23903
   43535
   31297
   30392
   22685
   26942
   27656
   29949
   30038
   8643
   41221
   49519
   4827
   20746
   38388
   25660
   16951
   49254
   3640
   11303
   29479
   30729
   21710
   14825
   24948
   2619
   13705
   35787
   29472
   11777
   8841
   43490
   37533
   29347
   48032
   4011
   47269
   36199
   23612
   20399
   16459
   27624
   25652
   41221
   26127
   11429
   43111
   3652
   47836
   33060
   46900
   45146
   17572
   12611
   15463
   23320
   18611
   29976
   10734
   30637
   12769
   8562
   6285
   24689
   47943
   33080
   32934
   8954
   49463
   30585
   30559
   43317
   8500
   20418
   9215
   9610
   39735
   9217
   18909
   39962
   27116
   35579
   35046
   25855
   11107
   28389
   31475
   4095
   41955
   29613
   29828
   48902
   19375
   30420
   9175
   41585
   43042
   18524
   23088
   34260
   1471
   9004
   22151
   35866
   48946
   29194
   37242
   5364
   7599
   12254
   44480
   12119
   41879
   907
   46250
   8058
   35889
   8239
   42299
   49418
   41020
   23348
   43989
   24974
   45872
   29431
   6875
   25373
   4132
   26939
   14348
   32458
   21633
   28813
   15724
   29417
   24188
   44997
   42608
   20328
   3190
   10123
   35289
   4504
   15858
   1727
   44049
   19570
   8689
   6844
   43659
   21069
   2247
   22383
   45793
   47378
   39375
   30541
   23363
   29283
   19622
   33167
   30673
   19811
   13688
   37909
   13994
   35657
   26223
   41228
   31537
   9501
   42296
   7702
   40446
   12241
   37404
   23434
   20565
   28135
   44506
   39264
   35870
   49056
   48687
   6504
   42203
   40861
   49040
   23542
   37502
   16508
   20433
   1377
   21901
   38328
   14538
   3122
   48878
   31670
   11295
   42678
   40555
   34622
   45776
   6004
   13763
   36444
   39831
   43498
   45944
   40445
   33392
   37381
   35004
   2366
   25840
   5815
   31354
   399
   40405
   21044
   47217
   49188
   43869
   10859
   45581
   26206
   38482
   19371
   708
   27475
   43283
   4786
   47569
   43860
   20281
   16927
   5074
   26913
   21014
   23670
   32942
   13124
   22549
   5241
   29533
   19872
   44240
   19067
   30568
   13291
   49717
   8593
   37009
   22892
   35874
   37086
   35687
   47313
   47002
   49228
   19262
   1517
   14576
   27861
   26025
   41483
   6890
   25110
   31787
   43660
   31738
   21823
   6495
   18782
   31052
   26962
   32451
   4881
   19929
   32357
   22970
   24559
   45276
   10638
   18093
   5027
   32622
   36876
   38468
   16957
   34720
   3149
   16675
   25027
   36950
   42883
   49386
   33508
   6534
   18834
   5178
   36739
   15837
   8343
   36191
   4839
   6485
   32913
   28242
   30097
   20525
   10764
   7991
   5591
   32346
   12884
   49191
   40222
   18859
   28043
   42213
   6783
   16015
   8863
   10862
   3039
   5905
   27453
   12726
   31306
   31378
   45027
   19355
   26194
   29413
   8635
   20810
   20717
   28597
   40432
   27596
   49279
   34474
   36094
   186
   39695
   7782
   3252
   16576
   15979
   23957
   20601
   9204
   15041
   44017
   13501
   34946
   24765
   40896
   27599
   44992
   33343
   9241
   20610
   26218
   15833
   36789
   28584
   22475
   9994
   12078
   19519
   36604
   2852
   24627
   47764
   47164
   12911
   38426
   7428
   40974
   19478
   18164
   49694
   16749
   41388
   17371
   26673
   31081
   46951
   46528
   20907
   39544
   13957
   13105
   37191
   31639
   48877
   5333
   35309
   48996
   22479
   37134
   23868
   7327
   42153
   25850
   241
   30155
   12490
   37695
   37725
   33017
   24518
   6345
   21291
   13792
   39313
   25340
   49123
   17042
   35713
   35412
   23217
   49830
   22009
   42939
   28898
   30828
   2323
   34526
   30347
   42552
   41547
   22364
   12369
   48105
   30975
   9117
   13007
   17442
   11573
   23812
   45941
   14452
   12657
   25875
   47897
   1525
   9061
   25441
   3422
   8818
   42915
   27780
   22983
   21471
   19775
   40470
   27140
   6717
   15119
   21653
   6774
   16525
   15056
   38984
   14541
   17652
   8505
   3012
   33818
   2847
   21065
   6000
   19008
   7237
   19268
   10621
   22588
   26387
   14740
   42689
   15080
   41992
   13974
   38713
   13988
   18160
   49404
   23401
   27680
   44778
   40582
   14431
   43637
   19860
   30766
   6677
   39212
   12379
   19323
   3439
   8177
   35089
   47358
   24228
   46530
   24376
   18766
   28968
   16213
   10668
   12291
   34768
   28632
   28527
   32400
   49754
   491
   8171
   32210
   26021
   23574
   25878
   18090
   10864
   41577
   46033
   23109
   47466
   23470
   23898
   49456
   18926
   11809
   32026
   40267
   434
   15129
   43770
   24710
   15546
   29867
   8163
   8275
   845
   41276
   6457
   6122
   38481
   28431
   9063
   29811
   24357
   48090
   465
   43248
   44792
   26288
   48245
   9491
   6038
   3993
   12196
   8572
   18287
   45540
   42691
   34330
   24158
   40006
   22815
   5167
   2259
   12009
   36523
   20254
   29095
   14776
   14047
   33241
   34307
   15946
   44579
   29911
   38508
   29825
   26706
   10502
   46609
   16978
   43191
   34100
   8376
   44786
   28816
   20733
   26175
   26112
   183
   15337
   33228
   10747
   12915
   37623
   22934
   30807
   36960
   32139
   37083
   20558
   42874
   23949
   46689
   36124
   3117
   7715
   33323
   546
   13805
   24613
   4435
   45857
   26005
   30280
   31086
   21867
   28893
   44680
   12663
   7380
   8440
   13676
   13048
   40545
   20162
   6978
   14415
   5443
   45578
   37393
   11139
   43816
   43816
   13868
   17720
   24682
   36602
   16861
   25020
   17886
   17044
   11997
   3481
   9519
   46798
   14977
   47449
   39446
   33649
   15107
   44198
   24434
   17718
   279
   8341
   35456
   48046
   2170
   21658
   21788
   26232
   32650
   3747
   22079
   20960
   43317
   4305
   6824
   32744
   8541
   23577
   43239
   10256
   497
   42810
   29405
   24575
   29321
   36003
   47122
   22741
   14342
   18998
   25679
   7134
   39496
   40168
   12783
   25017
   42764
   47332
   25633
   42918
   30812
   33724
   12664
   7449
   42589
   20946
   7752
   27349
   34847
   8730
   18037
   38923
   45249
   7863
   42054
   24913
   3419
   21247
   4233
   40508
   16536
   37617
   39691
   14223
   28786
   31399
   49315
   29109
   37463
   22689
   36040
   16231
   7711
   24308
   46821
   29045
   8525
   9845
   583
   874
   6745
   34162
   29230
   15379
   43159
   46696
   43880
   38933
   7810
   38250
   48553
   2115
   44326
   44470
   40940
   8891
   25446
   29862
   22826
   10850
   7496
   22976
   44548
   9062
   45535
   31768
   8273
   36515
   24102
   32156
   7088
   24671
   40161
   25899
   32956
   22550
   7275
   38359
   49505
   3515
   41678
   7092
   17327
   28375
   6841
   21767
   3535
   21194
   21554
   30534
   38984
   13408
   10444
   40194
   9802
   47364
   14254
   33837
   23688
   25803
   1338
   33365
   30350
   30301
   9566
   3603
   49239
   34023
   37450
   4105
   32483
   28443
   48583
   37115
   39646
   24322
   13443
   13894
   9545
   42589
   49446
   8909
   5742
   42157
   7028
   48728
   38395
   41360
   16462
   40184
   21516
   22259
   37799
   13792
   39252
   20618
   42730
   39492
   14525
   7326
   47142
   32468
   19997
   32404
   8440
   30385
   21182
   45795
   20223
   20072
   44716
   33632
   28912
   29058
   9844
   23470
   35145
   47232
   40955
   29363
   45771
   15799
   7296
   25845
   24245
   27128
   14893
   7090
   29030
   38291
   34029
   34356
   14343
   42979
   33416
   20677
   23731
   25603
   15139
   9591
   23321
   45369
   43267
   3508
   6643
   47039
   32418
   5451
   42939
   24971
   23789
   39107
   46985
   15670
   34562
   46901
   29788
   14516
   31129
   9528
   16045
   29134
   43531
   28266
   48226
   2178
   35201
   9868
   21284
   37279
   2774
   6423
   36208
   37924
   13243
   26472
   39099
   9383
   31086
   22206
   30705
   12293
   11070
   31896
   1697
   36812
   39818
   44365
   43109
   22136
   45111
   14494
   40121
   20230
   12754
   8728
   15297
   31364
   20560
   49366
   39889
   22781
   8111
   48371
   36876
   5657
   23374
   1377
   16680
   18883
   48507
   33978
   3725
   16285
   41817
   41443
   39601
   8890
   170
   3451
   49400
   30055
   34030
   3261
   1267
   17475
   33339
   48346
   17317
   27272
   15245
   27037
   47949
   38170
   24715
   9386
   38068
   19297
   32505
   11045
   28730
   16041
   47767
   17771
   12001
   7753
   48596
   27637
   45822
   45005
   6551
   20012
   20617
   25388
   14087
   18259
   29550
   42100
   39837
   5380
   21303
   47259
   36715
   35770
   37862
   28278
   40711
   20413
   29301
   35994
   48987
   14000
   20586
   49464
   29200
   47991
   31656
   6979
   32900
   15018
   35814
   22873
   21746
   35913
   31815
   2337
   5285
   34303
   17525
   45563
   31580
   33765
   49100
   22381
   45262
   9688
   32393
   25009
   629
   19999
   25759
   3332
   43306
   15418
   23482
   18206
   682
   44080
   27018
   1261
   9733
   11204
   25006
   42910
   39960
   36980
   14655
   47895
   17222
   48305
   28559
   14732
   9690
   22401
   43988
   9993
   14747
   2796
   38606
   17243
   24174
   47402
   34551
   45182
   18886
   9392
   12690
   43174
   32827
   15590
   34220
   19992
   39422
   28883
   43459
   2154
   11757
   17717
   23674
   24583
   11284
   7797
   46533
   40093
   2940
   43700
   15212
   4745
   47008
   19716
   39511
   27691
   7042
   48926
   13246
   20920
   28817
   31702
   48091
   14800
   29180
   17050
   13456
   3985
   35998
   5467
   30426
   1912
   46050
   4441
   12697
   21573
   18442
   26859
   29263
   39124
   19335
   26161
   23308
   24694
   48469
   42925
   3248
   7309
   35341
   5669
   44978
   46111
   12805
   8096
   49896
   12750
   37659
   2750
   34031
   44007
   36311
   5509
   12457
   13301
   4817
   14820
   5541
   46421
   1778
   15924
   14099
   49774
   17851
   25811
   24761
   1162
   30293
   35917
   31305
   31265
   14394
   1185
   8951
   48061
   46794
   10567
   36749
   38674
   30944
   44203
   43408
   24723
   29914
   13344
   9046
   38445
   27798
   533
   22261
   850
   25485
   6209
   44429
   7685
   3492
   24638
   7677
   14210
   112
   707
   18860
   27393
   6268
   38991
   648
   2301
   17368
   46099
   3449
   27118
   42990
   49716
   7711
   17896
   48377
   177
   46138
   13910
   37561
   15677
   24482
   35575
   44148
   49458
   25858
   48008
   42414
   1270
   31103
   1951
   49652
   33839
   7493
   14847
   8940
   29178
   18140
   35003
   19161
   45068
   5561
   12809
   24511
   32065
   47565
   21049
   11598
   2664
   16832
   25728
   27668
   49226
   30652
   36455
   29931
   34588
   26812
   37148
   13863
   40255
   43792
   2409
   18193
   30313
   32569
   46935
   13777
   19700
   2800
   22230
   10246
   46029
   19811
   28223
   6614
   8592
   46661
   25661
   37597
   33082
   20718
   20081
   7215
   23711
   46852
   2963
   10340
   22500
   36958
   28716
   9076
   7249
   11529
   9186
   44078
   30867
   27028
   28358
   2248
   46654
   22208
   8169
   22981
   28544
   19225
   10969
   32332
   49992
   3193
   14038
   45699
   952
   29995
   24261
   10938
   46309
   35791
   41297
   45235
   29419
   9363
   10521
   1485
   34147
   14628
   765
   32966
   8623
   29275
   13007
   4397
   45389
   11736
   23060
   2430
   12103
   22504
   45355
   48784
   26384
   19447
   46508
   15132
   25153
   46220
   24427
   3653
   39401
   14587
   15125
   32796
   46418
   6986
   36371
   23775
   40289
   22179
   48130
   4194
   18458
   33302
   12776
   18891
   35221
   40683
   10229
   22778
   45288
   1190
   17263
   33332
   12539
   36068
   1051
   13937
   19330
   37489
   41949
   21230
   21805
   47660
   21157
   34318
   42471
   1182
   31379
   31334
   18700
   44668
   2598
   42185
   23964
   1516
   16861
   16449
   38109
   35182
   31232
   25380
   6588
   29027
   47230
   43683
   34931
   29183
   5022
   26087
   15714
   41488
   44182
   12382
   15275
   1112
   39837
   32741
   3097
   43287
   34863
   24539
   9049
   15722
   46139
   35896
   3064
   34622
   27713
   49613
   3320
   19138
   35186
   10372
   48787
   30005
   26287
   49080
   14076
   28209
   47326
   30171
   19106
   30291
   21809
   40391
   26156
   5277
   1619
   6147
   40235
   32087
   31631
   11051
   21445
   46575
   32539
   31002
   42172
   11360
   45488
   49017
   1341
   42577
   14087
   29497
   38445
   46392
   42980
   13516
   49831
   46966
   33054
   14799
   24372
   48305
   29360
   32522
   37051
   45101
   3201
   42156
   1625
   49541
   10441
   12653
   3246
   14703
   25201
   43059
   15941
   45049
   44582
   20546
   36018
   18816
   32179
   3101
   36676
   48175
   37810
   12883
   33578
   12663
   29535
   32994
   48744
   22690
   46673
   15377
   10272
   20488
   19878
   37605
   6215
   39726
   20195
   20647
   23275
   2440
   1431
   663
   29731
   20217
   13773
   5319
   7194
   25945
   36393
   47072
   42447
   21460
   20862
   36124
   33829
   2582
   1435
   43681
   22613
   13862
   49379
   46411
   15065
   15238
   28497
   49218
   37331
   39946
   16695
   6204
   23875
   28611
   33210
   9271
   21636
   31872
   16047
   49618
   23346
   23511
   31919
   34676
   19984
   24166
   20581
   16606
   25035
   41730
   37682
   41289
   18522
   229
   24374
   25346
   36352
   45742
   26483
   33442
   9100
   46583
   3856
   24893
   35502
   736
   20907
   43149
   19091
   37432
   38421
   5099
   40301
   1015
   1072
   27174
   13914
   33714
   24544
   1949
   24256
   2079
   34378
   12817
   32661
   32910
   26761
   25493
   44647
   42893
   1565
   10231
   1725
   26088
   42289
   6768
   22932
   44364
   49462
   22933
   24208
   14694
   17551
   15696
   30282
   21589
   42472
   28965
   32271
   21383
   35292
   23977
   49800
   45310
   35161
   48039
   36325
   26148
   43495
   2126
   46763
   46025
   28136
   32291
   32354
   44478
   32952
   38944
   3802
   3898
   18832
   36346
   32074
   39392
   19256
   39257
   29466
   13355
   12944
   47582
   38266
   32525
   29925
   26470
   15310
   1530
   6049
   15702
   9766
   26043
   39919
   49793
   32290
   17871
   13417
   27220
   22017
   30819
   24447
   48529
   13923
   17990
   41114
   41878
   41643
   31139
   48361
   2286
   23609
   9912
   10383
   45103
   34875
   32358
   27400
   17434
   34759
   30686
   742
   1947
   6059
   44267
   25663
   28928
   44147
   13091
   16794
   30404
   32714
   8256
   16540
   8344
   6397
   34563
   40404
   42835
   19885
   1245
   37215
   21092
   8926
   49094
   38918
   5104
   33109
   21215
   35904
   44517
   20760
   26775
   22911
   16869
   11476
   33503
   39114
   21277
   39694
   39589
   31403
   23378
   35234
   37019
   42451
   20083
   13432
   24528
   14951
   6969
   3804
   14396
   9538
   11437
   48266
   44135
   617
   16049
   45414
   10013
   28303
   1598
   37583
   17439
   2452
   699
   14828
   37097
   16912
   29794
   44203
   4099
   28841
   38564
   9585
   30489
   25639
   47353
   18220
   4547
   24615
   34854
   20640
   17099
   6125
   45456
   26464
   4491
   49521
   16357
   2554
   8466
   25401
   36383
   10824
   28787
   5366
   8258
   18772
   4580
   33993
   6855
   8319
   37248
   21728
   14553
   7916
   17599
   43017
   29282
   12502
   10253
   29607
   36920
   24981
   16640
   30708
   35129
   35849
   25036
   4973
   22786
   45110
   40865
   26763
   14415
   32548
   47204
   46443
   27425
   13996
   20924
   1691
   27553
   7245
   20719
   20545
   32654
   41975
   12447
   41997
   49972
   21617
   19810
   23782
   14507
   27562
   24750
   16077
   38050
   7574
   22195
   28494
   6260
   18794
   37567
   2711
   22526
   28485
   35735
   15442
   22065
   25004
   37834
   28585
   2424
   30251
   43569
   25821
   5035
   31032
   14602
   21511
   26552
   6606
   18154
   40686
   1084
   34634
   1608
   34955
   34501
   20901
   2163
   26783
   29946
   22130
   9805
   7478
   29937
   8000
   25135
   35600
   48373
   4624
   17610
   11274
   44188
   38766
   36027
   38942
   38892
   32491
   16982
   1025
   11541
   26577
   375
   25681
   19475
   13484
   43830
   35486
   20756
   25518
   4015
   42897
   36886
   48476
   17189
   21693
   5539
   11025
   37955
   16608
   26935
   19875
   6170
   8526
   7994
   11583
   46713
   14745
   46861
   48482
   40861
   41139
   3275
   21594
   45047
